1 1 1 1 1 1 1 1 1 1 1 1 1 1 1 1 1 1 1 1
1 1 1 1 1 1 1 1 1 1 1 1 1 1 1 1 1 1 1 1
1 1 1 1 1 1 1 1 1 1 1 1 1 1 1 1 1 1 14 99
10 10 10 10 10 12 1 1 1 1 1 1 1 1 1 1 1 1 11 1
1 1 1 1 1 11 1 1 14 10 10 10 10 10 10 10 10 10 13 1
1 1 1 1 1 11 1 1 11 1 1 1 1 1 1 1 1 1 1 1
1 1 1 1 1 11 1 1 11 1 1 1 1 1 1 1 1 1 1 1
1 1 1 1 1 11 1 1 11 1 1 1 1 1 1 1 1 1 1 1
1 1 14 10 10 13 1 1 11 1 1 1 1 1 1 1 1 1 1 1
1 1 11 1 1 1 1 1 11 1 1 1 1 1 1 1 1 1 1 1
1 1 11 1 1 1 1 1 11 1 1 1 1 1 1 1 1 1 1 1
1 1 11 1 1 1 1 1 11 1 1 1 1 1 1 1 1 1 1 1
1 1 11 1 1 1 1 1 11 1 1 1 1 1 1 1 1 1 1 1
1 1 15 10 10 10 10 10 13 1 1 1 1 1 1 1 1 1 1 1
1 1 1 1 1 1 1 1 1 1 1 1 1 1 1 1 1 1 1 1